              precision    recall  f1-score   support

       B-art      0.467     0.078     0.133        90
       B-eve      0.727     0.312     0.436        77
       B-geo      0.809     0.895     0.850      7470
       B-gpe      0.956     0.908     0.931      3302
       B-nat      0.800     0.182     0.296        44
       B-org      0.754     0.617     0.679      4059
       B-per      0.779     0.768     0.774      3340
       B-tim      0.872     0.841     0.856      4122
       I-art      0.000     0.000     0.000        53
       I-eve      0.565     0.160     0.250        81
       I-geo      0.807     0.593     0.684      1497
       I-gpe      0.826     0.317     0.458        60
       I-nat      0.154     0.200     0.174        10
       I-org      0.725     0.602     0.658      3265
       I-per      0.733     0.814     0.772      3466
       I-tim      0.718     0.327     0.449      1203
           O      0.985     0.995     0.990    178018

    accuracy                          0.959    210157
   macro avg      0.687     0.506     0.552    210157
weighted avg      0.956     0.959     0.956    210157
